87381
174762
262144
349525
436906
524288
611669
699050
786432
873813
961194
1048576
1135957
1223338
1310720
1398101
1485482
1572864
1660245
1747626
1835008
1922389
2009770
2097152
2184533
2271914
2359296
2446677
2534058
2621440
2708821
2796202
2883584
2970965
3058346
3145728
3233109
3320490
3407872
3495253
3582634
3670016
3757397
3844778
3932160
4019541
4106922
4194304
4281685
4369066
4456448
4543829
4631210
4718592
4805973
4893354
4980736
5068117
5155498
5242880
5330261
5417642
5505024
5592405
